1319
1477
1522
1589
1710
1736
1760
1795
2013
2027
2101
2104
2108
2208
2328
2329
2338
2340
2345
2349
2360
2367
2368
2374
2388
2390
2392
2401
2405
2425
2455
2465
2480
2488
2492
2498
2535
2601
2633
3016
3017
3019
3023
3029
3034
3035
3037
3049
3059
3062
3149
3189
3338
3376
3380
3419
3443
3504
3532
3533
3535
3545
3653
3665
3708
3711
3712
4426
4536
4564
4919
4934
4952
4956
4961
4976
4977
5525
5871
6120
6141
6153
6168
6209
6213
6230
6257
6278
6282
6283
6285
6288
6438
6533
6552
6558
8046
8150
8210
8499
9958
1569
3071
3081
3114
3141
3147
3163
3169
3202
3227
3234
3324
3360
3362
3363
3441
3455
3483
3511
3527
3630
4109
4123
4908
4933
4953
4991
5340
5347
5371
5386
5439
5483
6118
6147
6150
6158
6182
6188
6190
6220
6223
6231
6274
6435
6488
8064
8069
8240
8436
