1110
1217
1229
1304
1305
1308
1309
1313
1316
1325
1337
1409
1414
1440
1442
1444
1447
1452
1455
1460
1467
1471
1474
1477
1504
1536
1589
1590
1604
1605
1608
1609
1612
1708
1709
1710
1711
1712
1714
1718
1721
1722
1723
1727
1734
1762
1776
1795
1806
1809
1810
1904
1905
1906
1907
1909
2002
2007
2010
2014
2017
2022
2023
2027
2028
2029
2030
2031
2034
2038
2069
2101
2102
2108
2201
2303
2308
2312
2313
2314
2328
2329
2332
2338
2342
2344
2345
2351
2354
2358
2363
2367
2368
2369
2374
2375
2379
2383
2395
2399
2406
2409
2413
2414
2420
2436
2441
2442
2455
2457
2461
2465
2474
2476
2481
2483
2484
2485
2486
2504
2511
2601
2603
2605
2606
2607
2609
2610
2611
2612
2613
2614
2615
2617
2618
2636
2637
2642
2723
2727
2905
2913
2915
3003
3006
3011
3016
3024
3025
3031
3033
3035
3041
3049
3051
3054
3062
3189
3406
3443
3481
3504
3515
3530
3545
3576
3583
3588
3653
3661
3665
3673
3701
3703
3708
3711
4141
4306
4564
4720
4739
4906
4919
4956
4960
4976
4989
5243
5258
5285
5519
5607
5608
5871
6108
6116
6153
6164
6168
6196
6202
6213
6215
6224
6226
6239
6251
6269
6278
6282
6443
6456
6477
6505
6525
6531
6533
6672
6756
8016
8033
8046
8081
8110
8150
8201
8215
8261
8367
8422
8454
9918
9958
1565
1584
1785
1815
2221
2641
3092
3105
3128
3141
3169
3178
3207
3221
3228
3232
3264
3290
3294
3306
3317
3322
3339
3372
3374
3379
3466
3527
3541
3551
3552
3663
3675
3689
3691
3707
4147
4192
4503
4711
4714
4721
4966
5009
5014
5210
5272
5299
5309
5321
5328
5340
5347
5351
5425
5452
5457
5475
5483
5498
5609
5905
6015
6104
6118
6125
6126
6127
6143
6150
6163
6170
6174
6190
6217
6219
6223
6233
6237
6244
6261
6265
6274
6457
6485
6494
6547
6548
6568
6603
6732
8040
8044
8054
8064
8069
8085
8086
8155
8183
8255
8289
8299
8358
8406
8415
8938
9962
6788
