1304
1308
1441
1463
1467
1474
1513
1587
1589
1609
1612
1723
1903
2102
2328
2390
2406
2409
2413
2610
2617
2723
2913
3044
3054
3062
3576
3686
3701
3708
3712
4141
4720
4934
4961
5243
5269
6165
6282
6443
6477
6533
6756
8016
8201
8454
9918
9958
1570
1584
3527
3529
3551
3663
3691
4147
4153
4192
4503
5210
5309
6125
6138
6150
6227
6244
6457
6547
8044
