1229
1304
1305
1308
1316
1529
1560
1605
1609
1611
1612
1708
1709
1710
1721
1760
1773
2007
2009
2014
2022
2024
2030
2032
2033
2038
2049
2104
2208
2301
2312
2323
2337
2338
2344
2349
2351
2357
2358
2359
2363
2369
2371
2374
2376
2379
2388
2406
2408
2409
2415
2430
2436
2454
2455
2457
2461
2462
2465
2481
2498
2603
2605
2606
2607
2609
2610
2611
2612
2613
2615
2618
2636
2637
2723
2731
2841
2906
2915
3005
3006
3014
3016
3017
3033
3035
3036
3037
3041
3049
3051
3189
3209
3305
3338
3383
3413
3443
3481
3515
3532
3535
3576
3583
3588
3596
3605
3661
3701
4108
4739
4755
4919
4952
4961
5258
5608
5706
6116
6120
6196
6197
6202
6205
6235
6271
6278
6282
6438
6443
6477
6505
6531
6533
6592
6706
6743
8028
8046
8104
8112
8150
8261
8478
9802
9907
9945
2641
3086
3092
3105
3122
3141
3169
3217
3260
3264
3322
3455
3491
3508
3537
3624
3675
3687
3689
3707
4157
4162
4303
4513
4721
4931
4945
5009
5011
5014
5251
5309
5351
5425
5452
5457
5603
6104
6118
6134
6138
6147
6167
6182
6187
6190
6231
6244
6411
6469
6485
6576
6603
6679
8027
8069
8086
8111
8121
8155
8299
8401
9962
2211
