EntryDate,ExitDate,EntryPrice,ExitPrice,EntryCommission,ExitCommission,EntryTax,ExitTax,TotalCost,HoldingPeriod,Net,Ret,MaxPriceBetweeenHolding,MaxRetBetweeenHolding,MinPriceBetweeenHolding,MinRetBetweeenHolding
2003-02-26,2003-03-07,13.0,12.23,20,20,0,37,77,9,-847,-0.0652,13.0,0.0,12.2,-0.0615
2003-05-15,2003-05-19,13.25,12.97,20,20,0,39,79,4,-359,-0.0271,13.25,0.0,12.9,-0.0264
2003-06-30,2003-07-01,13.9,13.76,20,20,0,41,81,1,-221,-0.0159,14.0,0.0072,13.65,-0.018
2003-07-04,2003-07-09,14.1,14.33,20,20,0,43,83,5,147,0.0104,14.35,0.0177,14.0,-0.0071
2003-09-09,2003-09-17,15.1,16.47,22,23,0,49,94,8,1276,0.0845,17.1,0.1325,15.1,0.0
2003-09-23,2003-10-07,16.6,15.97,24,23,0,48,95,14,-725,-0.0437,16.6,0.0,15.6,-0.0602
2003-11-26,2003-11-27,15.2,15.91,22,23,46,0,91,1,-801,-0.0527,16.2,0.0658,15.2,0.0
2003-12-22,2003-12-26,15.8,15.99,23,23,47,0,93,4,-283,-0.0179,16.0,0.0127,15.8,0.0
2004-01-09,2004-01-12,15.8,15.93,23,23,47,0,93,3,-223,-0.0141,16.2,0.0253,15.8,0.0
2004-01-13,2004-01-15,16.2,15.96,23,23,0,48,94,2,-334,-0.0206,16.4,0.0123,15.8,-0.0247
2004-01-16,2004-02-02,16.5,16.04,24,23,0,48,95,17,-555,-0.0336,16.5,0.0,15.6,-0.0545
2004-02-12,2004-02-13,16.0,16.26,23,23,48,0,94,1,-354,-0.0221,16.5,0.0312,16.0,0.0
2004-02-24,2004-02-26,16.6,16.98,24,24,0,51,99,2,281,0.0169,17.9,0.0783,16.6,0.0
2004-04-06,2004-04-14,17.2,16.3,25,23,52,0,100,8,800,0.0465,17.2,0.0,16.3,-0.0523
2004-04-15,2004-04-16,16.3,16.81,23,24,49,0,96,1,-606,-0.0372,17.2,0.0552,16.0,-0.0184
2004-07-02,2004-07-08,14.4,13.28,21,20,43,0,84,6,1036,0.0719,14.4,0.0,13.25,-0.0799
2004-09-17,2004-09-22,13.3,13.57,20,20,40,0,80,5,-350,-0.0263,14.25,0.0714,13.1,-0.015
2004-11-25,2004-11-30,13.6,13.52,20,20,0,41,81,5,-161,-0.0118,13.6,0.0,13.5,-0.0074
2005-01-19,2005-03-08,13.6,14.19,20,20,41,0,81,48,-671,-0.0493,14.55,0.0699,13.55,-0.0037
2005-03-30,2005-05-20,12.85,13.36,20,20,39,0,79,51,-589,-0.0458,13.8,0.0739,12.85,0.0
2005-07-25,2005-07-28,13.9,14.49,20,21,0,43,84,3,506,0.0364,14.5,0.0432,13.9,0.0
2005-08-10,2005-08-19,13.6,14.36,20,20,41,0,81,9,-841,-0.0618,14.45,0.0625,13.6,0.0
2005-09-06,2005-09-07,13.4,13.74,20,20,40,0,80,1,-420,-0.0313,13.8,0.0299,13.25,-0.0112
2005-10-03,2005-10-18,12.8,12.02,20,20,38,0,78,15,702,0.0548,12.8,0.0,12.0,-0.0625
2005-11-03,2005-11-07,12.0,11.22,20,20,36,0,76,4,704,0.0587,12.0,0.0,11.2,-0.0667
2005-12-23,2005-12-27,11.0,11.28,20,20,33,0,73,4,-353,-0.0321,11.4,0.0364,10.95,-0.0045
2006-01-10,2006-01-17,10.3,11.0,20,20,31,0,71,7,-771,-0.0749,11.15,0.0825,10.3,0.0
2006-02-06,2006-03-15,11.9,11.25,20,20,0,34,74,37,-724,-0.0608,11.9,0.0,11.1,-0.0672
2006-06-26,2006-06-30,11.25,11.88,20,20,34,0,74,4,-704,-0.0626,12.4,0.1022,11.25,0.0
2006-07-11,2006-08-29,11.0,11.67,20,20,33,0,73,49,-743,-0.0675,11.9,0.0818,11.0,0.0
2006-10-16,2006-10-20,11.25,10.82,20,20,34,0,74,4,356,0.0316,11.25,0.0,10.75,-0.0444
2006-10-27,2006-11-13,10.6,11.12,20,20,32,0,72,17,-592,-0.0558,11.3,0.066,10.6,0.0
2006-12-19,2006-12-20,10.45,10.67,20,20,31,0,71,1,-291,-0.0278,10.75,0.0287,10.45,0.0
2006-12-25,2006-12-27,10.3,10.62,20,20,31,0,71,2,-391,-0.038,10.7,0.0388,10.3,0.0
2006-12-29,2007-01-02,10.8,10.56,20,20,0,32,72,4,-312,-0.0289,10.9,0.0093,10.4,-0.037
2007-01-09,2007-01-10,10.45,10.63,20,20,31,0,71,1,-251,-0.024,10.85,0.0383,10.45,0.0
2007-01-29,2007-01-30,10.9,10.71,20,20,0,32,72,1,-262,-0.024,10.9,0.0,10.55,-0.0321
2007-02-14,2007-02-26,11.0,11.26,20,20,0,34,74,12,186,0.0169,11.75,0.0682,11.0,0.0
2007-03-06,2007-03-07,12.35,11.69,20,20,0,35,75,1,-735,-0.0595,12.5,0.0121,11.6,-0.0607
2007-04-02,2007-04-03,11.55,11.47,20,20,0,34,74,1,-154,-0.0133,11.55,0.0,11.15,-0.0346
2007-05-03,2007-05-22,11.25,11.54,20,20,34,0,74,19,-364,-0.0324,11.55,0.0267,11.25,0.0
2007-06-15,2007-06-20,11.3,11.38,20,20,34,0,74,5,-154,-0.0136,11.4,0.0088,11.3,0.0
2007-08-16,2007-09-07,11.8,13.03,20,20,35,0,75,22,-1305,-0.1106,13.5,0.1441,11.8,0.0
2007-09-11,2007-09-20,13.85,15.96,20,23,0,48,91,9,2019,0.1458,16.2,0.1697,13.85,0.0
2007-11-06,2007-11-30,16.25,18.55,23,26,0,56,105,24,2195,0.1351,19.2,0.1815,16.25,0.0
2007-12-04,2007-12-06,18.2,16.92,26,24,0,51,101,2,-1381,-0.0759,18.7,0.0275,16.5,-0.0934
2008-01-29,2008-02-01,15.95,15.24,23,22,48,0,93,3,617,0.0387,15.95,0.0,15.05,-0.0564
2008-02-12,2008-02-20,15.75,16.21,22,23,47,0,92,8,-552,-0.035,16.25,0.0317,15.75,0.0
2008-03-28,2008-03-31,16.0,16.2,23,23,48,0,94,3,-294,-0.0184,16.3,0.0188,16.0,0.0
2008-04-15,2008-04-16,16.55,17.06,24,24,0,51,99,1,411,0.0248,17.7,0.0695,16.25,-0.0181
2008-04-18,2008-04-30,17.45,16.53,25,24,0,50,99,12,-1019,-0.0584,17.45,0.0,16.2,-0.0716
2008-05-15,2008-05-21,17.0,17.53,24,25,0,53,102,6,428,0.0252,18.2,0.0706,17.0,0.0
2008-06-11,2008-06-18,18.0,17.26,26,25,0,52,103,7,-843,-0.0468,18.0,0.0,17.1,-0.05
2008-07-02,2008-07-08,17.0,16.6,24,24,51,0,99,6,301,0.0177,17.1,0.0059,16.5,-0.0294
2008-07-15,2008-09-15,15.65,14.06,22,20,47,0,89,62,1501,0.0959,15.65,0.0,14.0,-0.1054
2008-09-18,2008-09-22,13.55,14.48,20,21,41,0,82,4,-1012,-0.0747,14.8,0.0923,13.55,0.0
2008-10-02,2008-10-03,13.85,13.45,20,20,42,0,82,1,318,0.023,14.0,0.0108,13.25,-0.0433
2008-10-09,2008-10-14,13.15,13.75,20,20,39,0,79,5,-679,-0.0516,13.85,0.0532,13.15,0.0
2008-10-27,2008-11-24,12.8,11.38,20,20,38,0,78,28,1342,0.1048,12.8,0.0,10.95,-0.1445
2008-11-25,2008-11-27,11.8,12.14,20,20,35,0,75,2,-415,-0.0352,12.2,0.0339,11.55,-0.0212
2009-02-19,2009-02-20,12.05,11.71,20,20,0,35,75,1,-415,-0.0344,12.05,0.0,11.6,-0.0373
2009-03-26,2009-03-27,12.05,11.84,20,20,0,36,76,1,-286,-0.0237,12.05,0.0,11.6,-0.0373
2009-04-13,2009-04-15,12.4,12.06,20,20,0,36,76,2,-416,-0.0335,12.4,0.0,12.0,-0.0323
2009-05-21,2009-05-22,12.3,12.07,20,20,0,36,76,1,-306,-0.0249,12.3,0.0,12.0,-0.0244
2009-07-24,2009-08-04,13.6,12.75,20,20,41,0,81,11,769,0.0565,13.6,0.0,12.55,-0.0772
2009-08-24,2009-08-27,12.6,12.83,20,20,38,0,78,3,-308,-0.0244,12.95,0.0278,12.6,0.0
2009-09-15,2009-09-21,13.1,13.33,20,20,39,0,79,6,-309,-0.0236,13.55,0.0344,13.1,0.0
2009-09-23,2009-09-25,13.0,13.23,20,20,39,0,79,2,-309,-0.0238,13.35,0.0269,13.0,0.0
2009-10-12,2009-10-15,12.4,13.0,20,20,37,0,77,3,-677,-0.0546,13.5,0.0887,12.4,0.0
2009-10-23,2009-11-25,14.2,15.34,20,22,0,46,88,33,1052,0.0741,15.6,0.0986,14.2,0.0
2009-12-15,2009-12-16,14.25,14.07,20,20,0,42,82,1,-262,-0.0184,14.3,0.0035,14.0,-0.0175
2009-12-25,2009-12-28,13.95,14.03,20,20,42,0,82,3,-162,-0.0116,14.9,0.0681,13.95,0.0
2010-01-06,2010-01-20,15.8,17.06,23,24,0,51,98,14,1162,0.0735,17.4,0.1013,15.8,0.0
2010-02-05,2010-02-06,14.6,13.61,21,20,44,0,85,1,905,0.062,15.15,0.0377,13.6,-0.0685
2010-02-10,2010-03-02,16.2,17.78,23,25,0,53,101,20,1479,0.0913,18.8,0.1605,16.2,0.0
2010-05-03,2010-05-05,17.9,16.57,26,24,54,0,104,2,1226,0.0685,17.9,0.0,16.55,-0.0754
2010-05-11,2010-05-13,16.7,17.53,24,25,50,0,99,2,-929,-0.0556,18.25,0.0928,16.7,0.0
2010-05-20,2010-06-29,19.2,17.82,27,25,0,53,105,40,-1485,-0.0773,19.2,0.0,17.8,-0.0729
2010-06-30,2010-07-30,17.4,18.57,25,26,52,0,103,30,-1273,-0.0732,19.0,0.092,17.4,0.0
2010-08-09,2010-08-31,17.1,15.82,24,23,51,0,98,22,1182,0.0691,17.1,0.0,15.25,-0.1082
2010-09-23,2010-10-04,16.2,16.55,23,24,49,0,96,11,-446,-0.0275,16.6,0.0247,16.15,-0.0031
2010-10-19,2010-10-21,16.2,16.01,23,23,49,0,95,2,95,0.0059,16.25,0.0031,16.0,-0.0123
2010-10-26,2010-10-28,15.9,16.17,23,23,48,0,94,2,-364,-0.0229,16.7,0.0503,15.9,0.0
2010-11-09,2010-11-15,16.0,15.43,23,22,48,0,93,6,477,0.0298,16.0,0.0,15.4,-0.0375
2010-11-16,2011-03-14,15.45,16.01,22,23,46,0,91,118,-651,-0.0421,16.15,0.0453,15.45,0.0
2011-03-18,2011-03-21,15.5,15.68,22,22,0,47,91,3,89,0.0057,15.85,0.0226,15.5,0.0
2011-03-23,2011-04-07,16.35,17.42,23,25,0,52,100,15,970,0.0593,17.5,0.0703,16.35,0.0
2011-04-26,2011-04-28,17.6,17.23,25,25,0,52,102,2,-472,-0.0268,17.6,0.0,17.1,-0.0284
2011-06-01,2011-06-10,16.15,15.56,23,22,48,0,93,9,497,0.0308,16.15,0.0,15.25,-0.0557
2011-08-11,2011-08-12,13.35,13.79,20,20,40,0,80,1,-520,-0.039,14.05,0.0524,13.35,0.0
2011-08-29,2011-09-02,14.6,15.23,21,22,0,46,89,4,541,0.0371,15.3,0.0479,14.6,0.0
2011-09-07,2011-09-14,15.15,14.85,22,21,0,45,88,7,-388,-0.0256,15.15,0.0,14.6,-0.0363
2011-09-20,2011-09-22,16.0,15.45,23,22,0,46,91,2,-641,-0.0401,16.0,0.0,15.15,-0.0531
2011-10-13,2011-10-14,15.35,15.04,22,21,0,45,88,1,-398,-0.0259,15.35,0.0,14.95,-0.0261
2011-10-21,2011-11-03,14.55,14.01,21,20,44,0,85,13,455,0.0313,14.55,0.0,13.2,-0.0928
2011-11-17,2011-11-23,13.65,13.04,20,20,41,0,81,6,529,0.0388,13.65,0.0,12.6,-0.0769
2011-11-25,2011-12-01,12.9,13.47,20,20,39,0,79,6,-649,-0.0503,13.8,0.0698,12.9,0.0
2011-12-13,2011-12-19,12.85,12.41,20,20,39,0,79,6,361,0.0281,13.0,0.0117,12.2,-0.0506
2011-12-20,2011-12-21,12.3,12.82,20,20,37,0,77,1,-597,-0.0485,13.15,0.0691,12.3,0.0
2011-12-29,2012-04-02,13.85,14.97,20,21,0,45,86,95,1034,0.0747,15.0,0.083,13.85,0.0
2012-06-06,2012-06-08,13.8,13.57,20,20,41,0,81,2,149,0.0108,13.8,0.0,13.4,-0.029
2012-06-13,2012-06-19,13.6,13.84,20,20,41,0,81,6,-321,-0.0236,13.85,0.0184,13.35,-0.0184
2012-07-31,2012-08-01,14.0,13.73,20,20,0,41,81,1,-351,-0.0251,14.0,0.0,13.0,-0.0714
2012-08-03,2012-08-08,13.2,13.66,20,20,40,0,80,5,-540,-0.0409,14.25,0.0795,13.0,-0.0152
2012-08-22,2012-08-24,13.3,13.44,20,20,40,0,80,2,-220,-0.0165,13.5,0.015,13.3,0.0
2012-09-07,2012-09-10,13.75,13.55,20,20,0,41,81,3,-281,-0.0204,13.9,0.0109,13.45,-0.0218
2012-09-11,2012-09-12,13.35,13.57,20,20,40,0,80,1,-300,-0.0225,13.8,0.0337,13.35,0.0
2012-09-17,2012-09-26,13.9,13.61,20,20,0,41,81,9,-371,-0.0267,14.0,0.0072,13.4,-0.036
2012-09-27,2012-09-28,13.45,13.81,20,20,40,0,80,1,-440,-0.0327,13.9,0.0335,13.4,-0.0037
2012-10-11,2012-10-17,13.45,13.64,20,20,40,0,80,6,-270,-0.0201,13.65,0.0149,13.45,0.0
2012-10-19,2012-10-22,13.4,13.24,20,20,40,0,80,3,80,0.006,13.4,0.0,13.1,-0.0224
2012-10-23,2012-10-24,13.1,13.4,20,20,39,0,79,1,-379,-0.0289,13.75,0.0496,13.1,0.0
2012-11-16,2012-11-21,13.0,13.29,20,20,39,0,79,5,-369,-0.0284,13.7,0.0538,12.95,-0.0038
2012-12-06,2012-12-10,13.1,13.25,20,20,39,0,79,4,-229,-0.0175,13.35,0.0191,13.1,0.0
2012-12-25,2012-12-27,13.45,13.8,20,20,0,41,81,2,269,0.02,13.95,0.0372,13.4,-0.0037
2013-02-19,2013-02-21,13.95,13.77,20,20,0,41,81,2,-261,-0.0187,13.95,0.0,13.75,-0.0143
2013-03-05,2013-03-27,13.45,13.75,20,20,40,0,80,22,-380,-0.0283,13.85,0.0297,13.25,-0.0149
2013-04-15,2013-04-19,13.15,13.39,20,20,39,0,79,4,-319,-0.0243,13.4,0.019,13.15,0.0
2013-05-17,2013-05-20,13.05,13.17,20,20,39,0,79,3,-199,-0.0152,13.2,0.0115,13.05,0.0
2013-06-14,2013-06-18,13.1,13.36,20,20,39,0,79,4,-339,-0.0259,13.4,0.0229,13.1,0.0
2013-06-20,2013-06-26,13.2,12.9,20,20,40,0,80,6,220,0.0167,13.2,0.0,12.85,-0.0265
2013-07-24,2013-07-25,13.2,13.44,20,20,0,40,80,1,160,0.0121,13.5,0.0227,13.15,-0.0038
2013-07-31,2013-08-14,12.95,13.13,20,20,39,0,79,14,-259,-0.02,13.35,0.0309,12.9,-0.0039
2013-08-28,2013-08-30,12.85,13.14,20,20,39,0,79,2,-369,-0.0287,13.4,0.0428,12.85,0.0
2013-09-13,2013-09-14,12.95,13.18,20,20,39,0,79,1,-309,-0.0239,13.2,0.0193,12.95,0.0
2013-09-24,2013-09-26,13.0,13.07,20,20,39,0,79,2,-149,-0.0115,13.15,0.0115,12.95,-0.0038
2013-11-27,2013-11-28,12.55,12.31,20,20,38,0,78,1,162,0.0129,12.55,0.0,12.1,-0.0359
2013-12-03,2014-01-21,12.35,12.01,20,20,37,0,77,49,263,0.0213,12.4,0.004,11.8,-0.0445
2014-01-27,2014-02-11,12.0,11.81,20,20,36,0,76,15,114,0.0095,12.0,0.0,11.75,-0.0208
2014-02-18,2014-02-25,11.85,11.71,20,20,36,0,76,7,64,0.0054,11.85,0.0,11.7,-0.0127
2014-03-28,2014-06-13,11.75,12.91,20,20,0,39,79,77,1081,0.092,13.35,0.1362,11.75,0.0
2014-08-06,2014-09-16,13.55,14.55,20,21,41,0,82,41,-1082,-0.0799,14.55,0.0738,13.55,0.0
2014-09-22,2014-10-03,14.25,13.67,20,20,0,41,81,11,-661,-0.0464,14.25,0.0,13.6,-0.0456
2014-10-07,2014-10-08,13.5,13.76,20,20,40,0,80,1,-340,-0.0252,13.85,0.0259,13.2,-0.0222
2014-10-13,2014-10-15,13.25,13.61,20,20,40,0,80,2,-440,-0.0332,13.9,0.0491,13.1,-0.0113
2014-10-20,2014-10-28,13.05,12.58,20,20,39,0,79,8,391,0.03,13.05,0.0,12.5,-0.0421
2014-11-11,2014-11-12,13.5,13.39,20,20,0,40,80,1,-190,-0.0141,13.6,0.0074,13.3,-0.0148
2014-11-21,2014-12-03,13.2,12.85,20,20,40,0,80,12,270,0.0205,13.2,0.0,12.85,-0.0265
2014-12-05,2014-12-08,12.9,12.67,20,20,39,0,79,3,151,0.0117,12.9,0.0,12.0,-0.0698
2014-12-17,2014-12-22,13.55,12.9,20,20,0,39,79,5,-729,-0.0538,13.55,0.0,12.9,-0.048
2015-01-20,2015-01-22,12.6,12.85,20,20,38,0,78,2,-328,-0.026,13.0,0.0317,12.6,0.0
2015-02-02,2015-03-03,12.45,12.05,20,20,37,0,77,29,323,0.0259,12.45,0.0,11.95,-0.0402
2015-03-16,2015-03-20,12.0,11.81,20,20,36,0,76,4,114,0.0095,12.1,0.0083,11.7,-0.025
2015-03-31,2015-04-02,12.5,12.02,20,20,0,36,76,2,-556,-0.0445,12.5,0.0,12.0,-0.04
2015-04-24,2015-04-30,12.0,11.84,20,20,36,0,76,6,84,0.007,12.1,0.0083,11.8,-0.0167
2015-05-18,2015-05-19,11.55,11.3,20,20,35,0,75,1,175,0.0152,11.55,0.0,10.95,-0.0519
2015-06-11,2015-07-13,10.0,10.42,20,20,30,0,70,32,-490,-0.049,10.7,0.07,9.85,-0.015
2015-07-15,2015-07-27,11.15,10.12,20,20,0,30,70,12,-1100,-0.0987,11.15,0.0,9.85,-0.1166
2015-07-28,2015-09-11,9.5,10.64,20,20,28,0,68,45,-1208,-0.1272,10.95,0.1526,9.5,0.0
2015-09-14,2015-09-25,10.8,10.22,20,20,0,31,71,11,-651,-0.0603,10.8,0.0,10.2,-0.0556
2015-10-01,2015-10-28,10.05,10.56,20,20,30,0,70,27,-580,-0.0577,10.7,0.0647,10.0,-0.005
2015-11-10,2015-11-16,9.79,9.99,20,20,29,0,69,6,-269,-0.0275,10.25,0.047,9.56,-0.0235
2015-11-25,2015-12-01,9.61,9.86,20,20,29,0,69,6,-319,-0.0332,9.97,0.0375,9.42,-0.0198
2015-12-15,2015-12-16,9.59,9.77,20,20,29,0,69,1,-249,-0.026,9.99,0.0417,9.59,0.0
2015-12-18,2015-12-29,10.0,9.78,20,20,0,29,69,11,-289,-0.0289,10.0,0.0,9.7,-0.03
2016-01-07,2016-01-08,9.6,9.85,20,20,29,0,69,1,-319,-0.0332,9.93,0.0344,9.45,-0.0156
2016-01-11,2016-01-13,9.47,9.77,20,20,28,0,68,2,-368,-0.0389,9.86,0.0412,9.47,0.0
2016-02-19,2016-03-16,10.45,9.71,20,20,0,29,69,26,-809,-0.0774,10.45,0.0,9.7,-0.0718
2016-03-22,2016-03-24,9.74,9.6,20,20,29,0,69,2,71,0.0073,9.85,0.0113,9.58,-0.0164
2016-03-25,2016-03-30,9.63,9.76,20,20,29,0,69,5,-199,-0.0207,9.77,0.0145,9.55,-0.0083
2016-04-21,2016-04-25,9.48,9.64,20,20,28,0,68,4,-228,-0.0241,9.75,0.0285,9.48,0.0
2016-05-04,2016-05-05,9.41,9.55,20,20,28,0,68,1,-208,-0.0221,9.65,0.0255,9.41,0.0
2016-05-12,2016-05-19,9.8,9.58,20,20,0,29,69,7,-289,-0.0295,9.8,0.0,9.33,-0.048
2016-05-27,2016-06-04,9.9,9.67,20,20,0,29,69,8,-299,-0.0302,9.9,0.0,9.65,-0.0253
2016-06-23,2016-06-28,9.67,9.79,20,20,29,0,69,5,-189,-0.0195,9.8,0.0134,9.6,-0.0072
2016-08-19,2016-08-23,9.55,9.7,20,20,29,0,69,4,-219,-0.0229,9.74,0.0199,9.55,0.0
2016-09-01,2016-09-02,9.8,9.64,20,20,0,29,69,1,-229,-0.0234,9.8,0.0,9.63,-0.0173
2016-09-08,2016-09-12,9.53,9.65,20,20,29,0,69,4,-189,-0.0198,9.65,0.0126,9.53,0.0
2016-10-07,2016-10-11,9.75,10.01,20,20,0,30,70,4,190,0.0195,10.05,0.0308,9.75,0.0
2016-10-12,2016-11-11,10.1,10.77,20,20,0,32,72,30,598,0.0592,10.8,0.0693,10.1,0.0
2016-12-13,2016-12-26,9.72,9.9,20,20,29,0,69,13,-249,-0.0256,9.95,0.0237,9.66,-0.0062
2017-01-06,2017-01-09,9.71,9.59,20,20,29,0,69,3,51,0.0053,9.9,0.0196,9.5,-0.0216
2017-01-10,2017-01-19,9.5,9.76,20,20,28,0,68,9,-328,-0.0345,9.8,0.0316,9.5,0.0
2017-02-10,2017-02-13,9.75,9.78,20,20,29,0,69,3,-99,-0.0102,9.96,0.0215,9.75,0.0
2017-03-15,2017-03-20,9.76,9.88,20,20,29,0,69,5,-189,-0.0194,9.97,0.0215,9.75,-0.001
2017-06-27,2017-06-29,8.74,8.81,20,20,26,0,66,2,-136,-0.0156,8.89,0.0172,8.74,0.0
2017-06-30,2017-07-05,9.2,9.71,20,20,0,29,69,5,441,0.0479,9.74,0.0587,9.2,0.0
2017-08-07,2017-08-08,11.3,11.04,20,20,0,33,73,1,-333,-0.0295,11.6,0.0265,11.0,-0.0265
2017-08-23,2017-09-04,11.95,11.44,20,20,0,34,74,12,-584,-0.0489,11.95,0.0,11.4,-0.046
2017-09-29,2017-10-02,11.4,11.56,20,20,0,35,75,3,85,0.0075,11.6,0.0175,11.2,-0.0175
2017-10-05,2017-10-11,11.2,11.31,20,20,34,0,74,6,-184,-0.0164,11.4,0.0179,11.15,-0.0045
2017-10-17,2017-10-18,11.55,11.35,20,20,0,34,74,1,-274,-0.0237,11.55,0.0,11.35,-0.0173
2017-10-27,2017-10-31,11.25,11.14,20,20,34,0,74,4,36,0.0032,11.25,0.0,11.0,-0.0222
2017-11-16,2017-11-21,11.0,10.67,20,20,33,0,73,5,257,0.0234,11.0,0.0,10.65,-0.0318
2017-11-22,2017-12-22,10.75,11.03,20,20,32,0,72,30,-352,-0.0327,11.1,0.0326,10.75,0.0
2018-01-02,2018-01-09,11.35,11.61,20,20,0,35,75,7,185,0.0163,11.75,0.0352,11.35,0.0
2018-02-22,2018-02-26,13.3,13.88,20,20,0,42,82,4,498,0.0374,14.0,0.0526,13.25,-0.0038
2018-03-07,2018-03-29,13.9,13.45,20,20,0,40,80,22,-530,-0.0381,13.9,0.0,13.3,-0.0432
2018-05-07,2018-05-08,13.45,13.65,20,20,40,0,80,1,-280,-0.0208,13.65,0.0149,13.2,-0.0186
2018-05-10,2018-05-11,13.45,13.57,20,20,40,0,80,1,-200,-0.0149,14.0,0.0409,13.45,0.0
2018-05-25,2018-05-28,13.4,13.62,20,20,40,0,80,3,-300,-0.0224,13.7,0.0224,13.4,0.0
2018-06-08,2018-06-11,13.45,13.67,20,20,40,0,80,3,-300,-0.0223,13.75,0.0223,13.45,0.0
2018-07-26,2018-07-31,16.0,15.78,23,22,0,47,92,5,-312,-0.0195,16.0,0.0,15.65,-0.0219
2018-08-16,2018-08-24,14.85,15.51,21,22,45,0,88,8,-748,-0.0504,15.55,0.0471,14.85,0.0
2018-10-26,2018-11-21,15.15,15.77,22,22,45,0,89,26,-709,-0.0468,15.8,0.0429,15.1,-0.0033
2019-02-11,2019-02-13,17.15,17.24,24,25,0,52,101,2,-11,-0.0006,17.25,0.0058,16.9,-0.0146
2019-03-19,2019-03-21,16.75,16.55,24,24,50,0,98,2,102,0.0061,16.75,0.0,16.45,-0.0179
2019-04-03,2019-04-10,16.35,15.9,23,23,49,0,95,7,355,0.0217,16.5,0.0092,15.7,-0.0398
2019-04-18,2019-05-14,17.25,16.48,25,23,0,49,97,26,-867,-0.0503,17.25,0.0,16.0,-0.0725
2019-05-16,2019-05-20,16.8,16.89,24,24,50,0,98,4,-188,-0.0112,17.1,0.0179,16.8,0.0
2019-05-21,2019-05-22,17.05,16.87,24,24,0,51,99,1,-279,-0.0164,17.05,0.0,16.7,-0.0205
2019-05-28,2019-05-29,16.75,16.84,24,24,50,0,98,1,-188,-0.0112,16.9,0.009,16.75,0.0
2019-07-25,2019-07-29,16.95,17.08,24,24,0,51,99,4,31,0.0018,17.1,0.0088,16.95,0.0
2019-07-30,2019-07-31,17.1,17.34,24,25,0,52,101,1,139,0.0081,17.45,0.0205,17.1,0.0
2019-08-01,2019-08-02,17.1,17.01,24,24,0,51,99,1,-189,-0.0111,17.1,0.0,17.0,-0.0058
2019-09-03,2019-09-06,17.0,16.93,24,24,0,51,99,3,-169,-0.0099,17.05,0.0029,16.75,-0.0147
2019-09-23,2019-09-24,16.8,16.87,24,24,50,0,98,1,-168,-0.01,17.2,0.0238,16.8,0.0
2019-09-25,2019-10-17,17.05,16.88,24,24,0,51,99,22,-269,-0.0158,17.05,0.0,16.85,-0.0117
2019-10-22,2019-10-23,16.9,16.98,24,24,51,0,99,1,-179,-0.0106,17.1,0.0118,16.9,0.0
2019-11-22,2019-11-25,17.05,16.64,24,24,0,50,98,3,-508,-0.0298,17.05,0.0,16.6,-0.0264
2020-01-03,2020-01-06,16.4,16.53,23,24,49,0,96,3,-226,-0.0138,16.75,0.0213,16.4,0.0
2020-01-07,2020-01-08,16.25,16.48,23,23,49,0,95,1,-325,-0.02,16.55,0.0185,16.2,-0.0031
2020-02-05,2020-02-14,15.2,15.8,22,23,46,0,91,9,-691,-0.0455,16.7,0.0987,15.2,0.0
2020-04-15,2020-04-16,15.55,15.27,22,22,0,46,90,1,-370,-0.0238,15.55,0.0,15.2,-0.0225
2020-04-21,2020-04-22,14.9,15.26,21,22,45,0,88,1,-448,-0.0301,15.45,0.0369,14.9,0.0
2020-05-11,2020-05-12,15.0,15.21,21,22,45,0,88,1,-298,-0.0199,15.25,0.0167,15.0,0.0
2020-05-22,2020-05-26,15.55,15.17,22,22,0,46,90,4,-470,-0.0302,15.8,0.0161,15.1,-0.0289
2020-07-08,2020-07-13,15.1,15.28,22,22,45,0,89,5,-269,-0.0178,15.95,0.0563,15.1,0.0
2020-08-27,2020-08-28,15.35,15.23,22,22,46,0,90,1,30,0.002,15.35,0.0,15.2,-0.0098
2020-09-24,2020-09-28,14.9,15.06,21,21,45,0,87,4,-247,-0.0166,15.45,0.0369,14.9,0.0
2020-11-04,2020-11-13,15.35,15.65,22,22,0,47,91,9,209,0.0136,16.8,0.0945,15.35,0.0
2021-01-20,2021-01-27,17.35,18.08,25,26,52,0,103,7,-833,-0.048,18.1,0.0432,17.35,0.0
2021-02-05,2021-03-03,19.05,20.4,27,29,0,61,117,26,1233,0.0647,21.55,0.1312,19.05,0.0
2021-05-21,2021-06-01,37.6,39.79,54,57,0,119,230,11,1960,0.0521,40.6,0.0798,37.6,0.0
2021-06-22,2021-07-01,38.55,36.77,55,52,0,110,217,9,-1997,-0.0518,38.55,0.0,35.75,-0.0726
2021-07-05,2021-07-21,35.95,37.71,51,54,108,0,213,16,-1973,-0.0549,37.8,0.0515,35.95,0.0
2021-07-26,2021-07-28,38.4,36.84,55,52,0,111,218,2,-1778,-0.0463,38.4,0.0,35.55,-0.0742
2021-08-09,2021-08-26,35.25,32.59,50,46,106,0,202,17,2458,0.0697,35.25,0.0,32.05,-0.0908
2021-09-07,2021-09-29,36.15,34.24,52,49,0,103,204,22,-2114,-0.0585,36.15,0.0,33.55,-0.0719
2021-09-30,2021-11-22,34.0,35.45,48,51,102,0,201,53,-1651,-0.0486,36.4,0.0706,34.0,0.0
2021-11-26,2021-12-01,33.55,32.72,48,47,101,0,196,5,634,0.0189,33.55,0.0,32.55,-0.0298
2021-12-02,2021-12-07,32.55,30.68,46,44,98,0,188,5,1682,0.0517,32.55,0.0,30.0,-0.0783
2021-12-09,2021-12-15,31.2,29.76,44,42,94,0,180,6,1260,0.0404,31.2,0.0,29.2,-0.0641
2022-01-03,2022-01-24,32.95,30.95,47,44,0,93,184,21,-2184,-0.0663,32.95,0.0,30.6,-0.0713
2022-01-25,2022-02-07,31.1,32.96,44,47,93,0,184,13,-2044,-0.0657,34.2,0.0997,31.1,0.0
2022-02-08,2022-03-07,35.75,32.92,51,47,0,99,197,27,-3027,-0.0847,35.75,0.0,31.95,-0.1063
2022-03-08,2022-03-21,31.25,33.88,45,48,94,0,187,13,-2817,-0.0901,34.55,0.1056,31.25,0.0
2022-03-22,2022-04-07,34.5,37.73,49,54,0,113,216,16,3014,0.0874,38.4,0.113,34.5,0.0
2022-04-18,2022-04-20,37.2,38.42,53,55,0,115,223,2,997,0.0268,38.55,0.0363,37.1,-0.0027
2022-05-16,2022-05-19,37.65,37.21,54,53,0,112,219,3,-659,-0.0175,37.8,0.004,36.9,-0.0199
2022-05-20,2022-05-24,37.9,37.19,54,53,0,112,219,4,-929,-0.0245,38.0,0.0026,37.05,-0.0224
2022-06-17,2022-06-20,36.8,35.63,52,51,110,0,213,3,957,0.026,37.4,0.0163,35.0,-0.0489
2022-08-15,2022-09-12,38.4,39.67,55,57,0,119,231,28,1039,0.0271,40.25,0.0482,38.4,0.0
2022-09-15,2022-09-22,36.45,38.49,52,55,109,0,216,7,-2256,-0.0619,39.5,0.0837,36.45,0.0
2022-09-23,2022-09-26,38.45,37.65,55,54,0,113,222,3,-1022,-0.0266,38.45,0.0,36.85,-0.0416
2022-09-30,2022-10-21,35.35,34.5,50,49,106,0,205,21,645,0.0182,35.35,0.0,33.8,-0.0438
